mae: 0.36365527267538356
model_name: RandomForestRegressor
r2_score: 0.42661408328392114
rmse: 0.5012110611376909
