mae: 0.36365527267538367
model_name: RandomForestRegressor
r2_score: 0.4266140832839205
rmse: 0.5012110611376911
